timit_mu_tr = [4.838954, 4.834209, 4.838362, 4.832054, 4.836015]
timit_sigma_tr = [0.817343, 0.808527, 0.803453, 0.803760, 0.807249]
swbd_mu_tr = [4.722949, 4.724373, 4.739988, 4.743317, 4.746103]
swbd_sigma_tr = [1.471280, 1.434821, 1.431199, 1.470063, 1.484794]
timit_swbd_mu_tr = [4.7766869860637255, 4.775252952230831, 4.785558354333942, 4.784423139151849, 4.787753645100162] 
timit_swbd_sigma_tr = [1.2143831573688817, 1.1877997366214124, 1.1836024232480609, 1.2088076079970034, 1.2195228607776702]

